(112.0, 30.0, 0.0) : [-0.5737, -0.511, -0.6402]
(82.0, 30.0, 0.0) : [-0.5902, -0.5317, -0.6074]
(142.0, 30.0, 0.0) : [-0.509, -0.5483, -0.6636]
(172.0, 30.0, 0.0) : [-0.5268, -0.5675, -0.6328]
(202.0, 30.0, 0.0) : [-0.5035, -0.5077, -0.6991]
(232.0, 30.0, 0.0) : [-0.4738, -0.5143, -0.7148]
(262.0, 30.0, 0.0) : [-0.5151, -0.475, -0.7135]
(292.0, 30.0, 0.0) : [-0.5469, -0.4499, -0.706]
(322.0, 30.0, 0.0) : [-0.5554, -0.459, -0.6935]
(352.0, 30.0, 0.0) : [-0.5883, -0.4225, -0.6895]
(352.0, 60.0, 0.0) : [-0.6403, -0.4427, -0.6277]
(322.0, 60.0, 0.0) : [-0.5449, -0.4999, -0.6732]
(292.0, 60.0, 0.0) : [-0.5013, -0.4923, -0.7116]
(262.0, 60.0, 0.0) : [-0.5112, -0.4817, -0.7117]
(232.0, 60.0, 0.0) : [-0.4656, -0.4953, -0.7334]
(202.0, 60.0, 0.0) : [-0.4716, -0.5714, -0.6716]
(172.0, 60.0, 0.0) : [-0.5141, -0.5848, -0.6275]
(142.0, 60.0, 0.0) : [-0.5151, -0.5073, -0.6908]
(112.0, 60.0, 0.0) : [-0.5809, -0.5215, -0.625]
(82.0, 60.0, 0.0) : [-0.5647, -0.5705, -0.5964]
(82.0, 90.0, 0.0) : [-0.5644, -0.5361, -0.6277]
(112.0, 90.0, 0.0) : [-0.5445, -0.5734, -0.6121]
(142.0, 90.0, 0.0) : [-0.4683, -0.5912, -0.6567]
(172.0, 90.0, 0.0) : [-0.523, -0.5817, -0.623]
(202.0, 90.0, 0.0) : [-0.467, -0.588, -0.6604]
(232.0, 90.0, 0.0) : [-0.447, -0.5373, -0.7152]
(262.0, 90.0, 0.0) : [-0.5332, -0.5293, -0.66]
(292.0, 90.0, 0.0) : [-0.6063, -0.428, -0.6703]
(322.0, 90.0, 0.0) : [-0.6504, -0.4272, -0.6281]
(352.0, 90.0, 0.0) : [-0.6492, -0.4556, -0.6091]
(352.0, 120.0, 0.0) : [-0.5983, -0.4848, -0.638]
(322.0, 120.0, 0.0) : [-0.6057, -0.4499, -0.6563]
(292.0, 120.0, 0.0) : [-0.5584, -0.4502, -0.6968]
(262.0, 120.0, 0.0) : [-0.5182, -0.5458, -0.6584]
(232.0, 120.0, 0.0) : [-0.5174, -0.5536, -0.6526]
(202.0, 120.0, 0.0) : [-0.4532, -0.6402, -0.6202]
(172.0, 120.0, 0.0) : [-0.4919, -0.6373, -0.5932]
(142.0, 120.0, 0.0) : [-0.5749, -0.5632, -0.5936]
(112.0, 120.0, 0.0) : [-0.5185, -0.5796, -0.6286]
(82.0, 120.0, 0.0) : [-0.5466, -0.6197, -0.5632]
(82.0, 150.0, 0.0) : [-0.5877, -0.5779, -0.5662]
(112.0, 150.0, 0.0) : [-0.5506, -0.5834, -0.597]
(142.0, 150.0, 0.0) : [-0.5232, -0.5969, -0.6083]
(172.0, 150.0, 0.0) : [-0.4433, -0.6587, -0.608]
(202.0, 150.0, 0.0) : [-0.3865, -0.6335, -0.6703]
(232.0, 150.0, 0.0) : [-0.4369, -0.593, -0.6764]
(262.0, 150.0, 0.0) : [-0.6222, -0.4702, -0.626]
(292.0, 150.0, 0.0) : [-0.5689, -0.5262, -0.632]
(322.0, 150.0, 0.0) : [-0.5783, -0.5199, -0.6287]
(352.0, 150.0, 0.0) : [-0.582, -0.5818, -0.5682]
(352.0, 180.0, 0.0) : [-0.5912, -0.5293, -0.6085]
(322.0, 180.0, 0.0) : [-0.4953, -0.5666, -0.6585]
(292.0, 180.0, 0.0) : [-0.6111, -0.5552, -0.5642]
(262.0, 180.0, 0.0) : [-0.5262, -0.575, -0.6265]
(232.0, 180.0, 0.0) : [-0.4465, -0.5486, -0.7069]
(202.0, 180.0, 0.0) : [-0.493, -0.6094, -0.621]
(172.0, 180.0, 0.0) : [-0.5199, -0.5779, -0.6291]
(142.0, 180.0, 0.0) : [-0.5725, -0.5722, -0.5873]
(112.0, 180.0, 0.0) : [-0.5528, -0.5394, -0.6352]
(82.0, 180.0, 0.0) : [-0.55, -0.6041, -0.5767]
(82.0, 210.0, 0.0) : [-0.5253, -0.5826, -0.6202]
(112.0, 210.0, 0.0) : [-0.5346, -0.5993, -0.5959]
(142.0, 210.0, 0.0) : [-0.5936, -0.5373, -0.5991]
(172.0, 210.0, 0.0) : [-0.534, -0.5835, -0.6119]
(202.0, 210.0, 0.0) : [-0.4023, -0.6113, -0.6815]
(232.0, 210.0, 0.0) : [-0.4558, -0.5742, -0.6801]
(262.0, 210.0, 0.0) : [-0.4742, -0.5864, -0.6567]
(292.0, 210.0, 0.0) : [-0.5268, -0.5828, -0.6187]
(322.0, 210.0, 0.0) : [-0.4726, -0.5669, -0.6748]
(352.0, 210.0, 0.0) : [-0.6236, -0.496, -0.6042]
(352.0, 240.0, 0.0) : [-0.5641, -0.5524, -0.6137]
(322.0, 240.0, 0.0) : [-0.518, -0.6232, -0.5859]
(292.0, 240.0, 0.0) : [-0.5345, -0.6385, -0.5537]
(262.0, 240.0, 0.0) : [-0.469, -0.6193, -0.6298]
(232.0, 240.0, 0.0) : [-0.4103, -0.672, -0.6165]
(202.0, 240.0, 0.0) : [-0.4185, -0.6265, -0.6576]
(172.0, 240.0, 0.0) : [-0.5849, -0.5196, -0.6228]
(142.0, 240.0, 0.0) : [-0.5944, -0.5103, -0.6215]
(112.0, 240.0, 0.0) : [-0.666, -0.5206, -0.5342]
(82.0, 240.0, 0.0) : [-0.6047, -0.5434, -0.5824]
(52.0, 270.0, 0.0) : [-0.6043, -0.6005, -0.5237]
(82.0, 270.0, 0.0) : [-0.6011, -0.5572, -0.5729]
(112.0, 270.0, 0.0) : [-0.6144, -0.565, -0.5506]
(142.0, 270.0, 0.0) : [-0.6036, -0.496, -0.6242]
(172.0, 270.0, 0.0) : [-0.546, -0.4985, -0.6733]
(202.0, 270.0, 0.0) : [-0.3823, -0.5847, -0.7155]
(232.0, 270.0, 0.0) : [-0.3695, -0.5686, -0.7349]
(262.0, 270.0, 0.0) : [-0.4022, -0.6341, -0.6604]
(292.0, 270.0, 0.0) : [-0.3735, -0.6489, -0.663]
(322.0, 270.0, 0.0) : [-0.4212, -0.6038, -0.6768]
(322.0, 300.0, 0.0) : [-0.3868, -0.6421, -0.6619]
(292.0, 300.0, 0.0) : [-0.3758, -0.6407, -0.6695]
(262.0, 300.0, 0.0) : [-0.4014, -0.6374, -0.6577]
(232.0, 300.0, 0.0) : [-0.3759, -0.6041, -0.7027]
(202.0, 300.0, 0.0) : [-0.3641, -0.6126, -0.7015]
(172.0, 300.0, 0.0) : [-0.4974, -0.6073, -0.6195]
(142.0, 300.0, 0.0) : [-0.6358, -0.4763, -0.6073]
(112.0, 300.0, 0.0) : [-0.5968, -0.4946, -0.6318]
(82.0, 300.0, 0.0) : [-0.6025, -0.4875, -0.6319]
(82.0, 330.0, 0.0) : [-0.6597, -0.5114, -0.5507]
(112.0, 330.0, 0.0) : [-0.5716, -0.5064, -0.6457]
(142.0, 330.0, 0.0) : [-0.6122, -0.5293, -0.5873]
(172.0, 330.0, 0.0) : [-0.4749, -0.5979, -0.6458]
(202.0, 330.0, 0.0) : [-0.3641, -0.6098, -0.704]
(232.0, 330.0, 0.0) : [-0.3762, -0.6387, -0.6712]
(262.0, 330.0, 0.0) : [-0.4164, -0.6005, -0.6827]
(292.0, 330.0, 0.0) : [-0.4586, -0.6195, -0.6371]
(322.0, 330.0, 0.0) : [-0.343, -0.6609, -0.6675]
(322.0, 360.0, 0.0) : [-0.5439, -0.5616, -0.6235]
(292.0, 360.0, 0.0) : [-0.4617, -0.5692, -0.6804]
(262.0, 360.0, 0.0) : [-0.461, -0.5943, -0.659]
(232.0, 360.0, 0.0) : [-0.3844, -0.6064, -0.6961]
(202.0, 360.0, 0.0) : [-0.3809, -0.5698, -0.7282]
(172.0, 360.0, 0.0) : [-0.4658, -0.6523, -0.598]
(172.0, 390.0, 0.0) : [-0.4535, -0.6293, -0.6311]
(202.0, 390.0, 0.0) : [-0.4227, -0.5046, -0.7528]
(232.0, 390.0, 0.0) : [-0.4521, -0.5405, -0.7096]
(262.0, 390.0, 0.0) : [-0.4183, -0.6187, -0.665]
(292.0, 390.0, 0.0) : [-0.4164, -0.6255, -0.6598]
