-68.83
-69.23
-69.12
-69.36
-69.2
-69.09
-69.33
-69.17
-69.45
-69.33
-69.12
-68.97
-69.21
-69.01
-68.86
-68.67
-68.54
-68.95
-68.81
-68.67
-68.93
-68.74
-69.1
-68.94
-68.8
-69.1
-68.95
-69.25
-69.09
-69.33
-69.17
-69.06
-68.86
-68.72
-68.98
-68.83
-69.14
-68.98
-69.28
-69.12
-68.96
-68.82
-69.07
-68.92
-68.78
-68.64
-68.47
-68.4
-68.28
-68.61
-68.53
-68.84
-68.7
-68.57
-68.89
-68.75
-68.61
-68.87
-68.78
-69.09
-68.94
-68.79
-69.05
-68.9
-68.81
-68.67
-69.03
-68.88
-69.18
-69.46
-69.34
-69.62
-69.83
-70.13
-69.98
-69.78
-70.04
-69.84
-69.7
-69.91
-69.72
-69.54
-69.86
-69.62
-69.83
-69.69
-69.56
-69.83
-69.64
-69.46
-69.69
-69.51
-69.33
-69.22
-69.5
-69.33
-69.22
-69.06
-68.91
-69.21
-69.44
-69.27
-69.55
-69.43
-69.26
-69.1
-68.95
-69.3
-69.13
-69.03
-68.93
-69.23
-69.12
-69.36
-69.14
-68.99
-69.24
-69.08
-69.37
-69.2
-69.05
-69.39
-69.27
-69.55
-69.38
-69.21
-69.4
-69.23
-69.51
-69.34
-69.23
-69.51
-69.34
-69.61
-69.88
-69.69
-69.51
-69.34
-69.66
-69.48
-69.31
-69.15
-69.48
-69.36
-69.2
-69.04
-68.94
-68.85
-68.76
-69.01
-68.87
-69.17
-69.01
-69.35
-69.19
-69.03
-69.32
-69.21
-69.15
-69
-68.85
-69.15
-68.95
-68.81
-69.11
-68.96
-68.81
-69.11
-68.96
-69.26
-69.1
-69.39
-69.22
-69.5
-69.38
-69.17
-69.01
-69.3
-69.63
-69.45
-69.29
-69.56
-69.44
-69.27
-69.11
-68.96
-69.3
-69.09
-68.99
-68.85
-69.1
-69.34
-69.17
-69.41
-69.24
-69.52
-69.4
-69.23
-69.52
-69.34
-69.18
-69.46
-69.3
-69.14
-69.47
-69.3
-69.63
-69.89
-70.14
-69.94
-69.74
-70
-69.81
-70.11
-69.91
-70.11
-69.96
-69.76
-69.58
-69.4
-69.24
-69.08
-69.42
-69.3
-69.58
-69.84
-69.61
-69.43
-69.7
-69.52
-69.4
-69.18
-69.03
-68.88
-68.74
-69
-69.34
-69.13
-69.02
-68.88
-68.74
-69.04
-68.89
-68.75
-68.62
-68.88
-68.69
-68.61
-68.87
-68.73
-68.6
-68.96
-68.77
-68.63
-69.04
-69.33
-69.17
-69.01
-69.26
-69.1
-68.95
-69.29
-69.13
-69.51
-69.34
-69.62
-69.44
-69.27
-69.16
-69.01
-69.35
-69.24
-69.57
-69.39
-69.27
-69.11
-69.4
-69.19
-69.03
-69.32
-69.16
-69.01
-69.3
-69.14
-69.42
-69.65
-69.47
-69.3
-69.58
-69.45
-69.28
-69.12
-69.02
-68.87
-68.73
-68.6
-68.47
-68.35
-68.63
-68.5
-68.77
-68.63
-68.5
-68.82
-69.07
-68.92
-68.83
-68.69
-68.56
-68.44
-68.37
-68.3
-68.72
-68.59
-68.46
-68.34
-68.28
-68.7
-68.57
-68.98
-68.79
-68.65
-68.96
-68.82
-68.68
-68.55
-68.43
-68.7
-68.61
-68.54
-68.9
-68.76
-68.62
-68.98
-68.79
-69.09
-68.94
-68.8
-69.05
-68.9
-68.76
-68.68
-68.54
-68.86
-68.72
-68.59
-68.9
-68.76
-69.06
-68.87
-69.16
-69.01
-69.35
-69.14
-69.03
-69.33
-69.16
-69.45
-69.28
-69.56
-69.43
-69.66
-69.62
-69.5
-69.81
-69.63
-69.45
-69.33
-69.17
-69.01
-69.31
-69.14
-68.99
-69.24
-69.08
-69.37
-69.25
-69.09
-69.43
-69.31
-69.15
-69
-69.24
-69.08
-69.32
-69.11
-68.96
-68.82
-68.68
-68.55
-68.42
-68.7
-68.56
-68.88
-68.69
-68.61
-68.97
-68.82
-69.12
-69.02
-68.87
-69.17
-69.07
-68.92
-68.82
-69.07
-68.92
-68.78
-68.65
-68.52
-68.35
-68.23
-68.42
-68.3
-68.19
-68.52
-68.4
-68.33
-68.21
-68.15
-68.54
-68.36
-68.25
-68.58
-68.45
-68.33
-68.17
-68.06
-67.92
-67.87
-67.78
-67.64
-67.56
-67.49
-67.41
-67.3
-67.23
-67.66
-68.07
-68.41
-68.39
-68.27
-68.65
-68.52
-68.44
-68.76
-68.63
-68.5
-68.87
-68.78
-69.08
-68.93
-68.79
-68.65
-68.57
-68.49
-68.86
-68.72
-68.59
-68.9
-68.76
-68.62
-68.98
-68.84
-69.19
-69.03
-68.88
-68.69
-69
-68.86
-68.77
-68.63
-68.5
-68.38
-68.7
-69.01
-68.86
-69.16
-69.01
-68.86
-69.16
-69.01
-69.25
-69.04
-68.89
-68.75
-69.06
-68.91
-69.16
-69
-68.86
-68.72
-68.58
-68.46
-68.73
-68.6
-68.91
-68.77
-69.12
-68.97
-68.82
-68.68
-68.94
-68.8
-68.71
-68.53
-68.41
-68.78
-68.64
-68.56
-68.93
-68.78
-69.04
-68.94
-69.28
-69.12
-68.97
-68.78
-68.64
-68.56
-68.44
-68.76
-68.57
-68.89
-69.18
-69.03
-69.32
-69.16
-69.39
-69.57
-69.4
-69.28
-69.17
-69.4
-69.29
-69.57
-69.39
-69.23
-69.41
-69.29
-69.13
-69.42
-69.25
-69.09
-69.43
-69.26
-69.1
-69.29
-69.08
-68.93
-69.23
-69.07
-68.92
-68.78
-69.08
-68.93
-69.13
-68.98
-68.93
-68.74
-69
-68.85
-68.76
-68.62
-68.5
-68.37
-68.7
-68.57
-68.44
-68.71
-68.58
-68.45
-68.77
-68.64
-68.51
-68.34
-68.22
-68.16
-68.11
-68.05
-67.95
-67.91
-68.16
-68.05
-67.95
-67.86
-68.25
-68.19
-68.08
-68.37
-68.21
-68.49
-68.42
-68.3
-68.58
-68.45
-68.33
-68.22
-68.5
-68.38
-68.65
-68.52
-68.45
-68.33
-68.66
-68.48
-68.36
-68.68
-68.55
-68.43
-68.26
-68.54
-68.41
-68.3
-68.62
-68.5
-68.37
-68.21
-68.49
-68.42
-68.3
-68.14
-68.04
-67.89
-67.84
-67.75
-68.11
-68
-67.91
-68.25
-68.14
-68.04
-68.38
-68.26
-68.15
-68.1
-68.43
-68.8
-68.66
-68.58
-68.51
-68.43
-68.36
-68.59
-68.51
-68.78
-68.64
-68.51
-68.83
-68.74
-68.66
-68.92
-68.78
-68.64
-68.9
-68.76
-69.02
-68.82
-69.12
-69.02
-69.31
-69.1
-68.95
-69.19
-69.04
-68.89
-68.75
-69.05
-68.91
-68.76
-69.07
-69.41
-69.24
-69.52
-69.79
-69.6
-69.77
-69.58
-69.8
-69.61
-69.49
-69.32
-69.16
-69.05
-68.9
-68.81
-69.01
-69.31
-69.53
-69.36
-69.59
-69.8
-69.62
-69.49
-69.71
-69.87
-69.68
-69.84
-69.7
-69.52
-69.4
-69.58
-69.45
-69.28
-69.56
-69.44
-69.32
-69.55
-69.37
-69.21
-69.54
-69.42
-69.2
-69.09
-68.94
-68.8
-69.05
-68.9
-68.76
-69.07
-68.92
-68.82
-69.17
-68.97
-68.82
-69.13
-68.97
-69.27
-69.11
-68.91
-68.81
-68.73
-68.54
-68.42
-68.79
-68.65
-68.91
-68.72
-68.59
-68.81
-68.67
-68.93
-68.79
-69.09
-68.94
-68.8
-69.1
-68.9
-69.15
-69.04
-68.89
-68.75
-69.06
-68.91
-68.82
-69.12
-68.96
-68.82
-68.68
-68.6
-68.91
-68.77
-69.07
-68.92
-69.17
-69.02
-68.87
-68.78
-68.64
-68.51
-68.39
-68.28
-68.6
-68.48
-68.36
-68.63
-68.5
-68.43
-68.75
-68.96
-68.81
-68.63
-68.5
-68.91
-69.26
-69.49
-69.71
-69.48
-69.75
-69.96
-69.72
-69.53
-69.8
-69.62
-69.83
-70.03
-69.88
-69.7
-69.86
-70.01
-69.86
-69.67
-69.5
-69.67
-69.44
-69.22
-69.06
-69.31
-69.14
-68.99
-68.85
-68.71
-68.62
-68.93
-68.74
-68.95
-68.85
-68.72
-68.58
-68.51
-68.43
-68.31
-68.15
-68.44
-68.27
-68.21
-68.1
-68
-67.9
-67.81
-67.72
-68.03
-67.93
-67.83
-68.18
-68.47
-68.74
-68.6
-68.52
-68.84
-68.65
-68.57
-68.5
-68.37
-68.7
-69
-68.86
-68.77
-69.02
-68.83
-69.08
-68.93
-68.79
-68.99
-68.89
-69.14
-68.99
-68.84
-68.71
-68.62
-68.88
-68.79
-69.1
-68.99
-68.8
-68.71
-68.58
-68.45
-68.72
-68.64
-68.85
-68.71
-68.63
-68.89
-69.14
-68.99
-68.84
-68.7
-68.57
-68.49
-68.76
-68.63
-68.55
-68.77
-68.63
-68.55
-68.87
-68.73
-68.98
-69.28
-69.56
-69.38
-69.22
-69.06
-68.86
-68.72
-68.59
-68.85
-68.67
-68.88
-68.74
-68.65
-68.91
-68.77
-68.98
-68.78
-68.65
-68.86
-68.72
-68.64
-68.9
-69.1
-69.29
-69.13
-69.46
-69.25
-69.09
-68.99
-69.18
-69.07
-68.92
-69.17
-69.07
-69.36
-69.19
-69.04
-69.28
-69.51
-69.34
-69.22
-69.41
-69.68
-69.5
-69.38
-69.56
-69.38
-69.61
-69.72
-69.98
-70.08
-69.88
-69.69
-69.51
-69.34
-69.18
-69.07
-68.97
-68.83
-68.69
-68.56
-68.82
-69.12
-69.41
-69.24
-69.09
-69.28
-69.07
-68.92
-69.21
-69.11
-68.96
-68.86
-69.11
-68.96
-69.2
-69.05
-68.95
-69.19
-68.99
-68.84
-69.1
-69.34
-69.22
-69.45
-69.29
-69.52
-69.34
-69.57
-69.4
-69.28
-69.51
-69.34
-69.18
-69.02
-68.87
-68.73
-68.6
-68.91
-68.77
-69.07
-69.41
-69.68
-69.55
-69.82
-69.63
-69.89
-69.75
-69.96
-69.77
-69.58
-69.8
-69.57
-69.39
-69.66
-69.53
-69.36
-69.15
-69
-68.8
-69.05
-68.91
-69.2
-69.05
-68.95
-69.14
-68.99
-69.28
-69.08
-68.93
-68.78
-68.65
-68.47
-68.35
-68.62
-68.5
-68.37
-68.26
-68.2
-68.09
-67.99
-68.38
-68.26
-68.15
-68.49
-68.37
-68.69
-68.61
-68.48
-68.85
-68.71
